188	244	296	999	37567	37334	-1
188	260	288	1002	37543	37334	-1
269	317	305	1023	60040	59710	-1
269	295	303	1031	60024	59710	-1
209	90	344	488	42777	42378	-1
209	121	352	491	42678	42378	-1
287	105	349	514	64692	64325	-1
287	122	357	510	64640	64325	-1
271	527	221	1092	60564	60303	-1
271	530	214	1101	60526	60303	-1
221	130	259	450	46431	45869	-1
221	155	267	443	46360	45869	-1
301	128	245	468	67941	67576	-1
301	135	256	471	67940	67576	-1
216	266	193	962	44802	44490	-1
216	279	194	957	44797	44490	-1
296	288	224	1001	66719	66616	-1
296	263	218	1000	66689	66616	-1
262	456	393	702	58213	58098	-1
262	443	391	707	58210	58098	-1
202	455	218	751	40944	40630	-1
202	482	214	746	40826	40630	-1
276	471	196	702	61615	61393	-1
276	453	205	698	61614	61393	-1
201	325	328	1067	40545	40457	-1
201	323	320	1058	40542	40457	-1
277	375	327	1089	61991	61849	-1
277	375	322	1078	61945	61849	-1
207	110	410	592	42234	41816	-1
207	131	408	590	42157	41816	-1
283	156	400	599	63531	63298	-1
283	167	397	601	63486	63298	-1
246	332	302	1064	54016	53735	-1
246	320	305	1077	53987	53735	-1
331	359	320	1105	71503	71367	-1
331	365	318	1091	71501	71367	-1
193	166	350	815	38792	38474	-1
193	145	341	809	38723	38474	-1
271	188	348	823	60414	60183	-1
271	204	348	819	60413	60183	-1
197	156	428	539	39612	39539	-1
197	138	439	544	39601	39539	-1
224	320	341	1047	47151	46987	-1
224	335	338	1034	47077	46987	-1
298	367	345	1065	67260	66941	-1
298	359	350	1070	67203	66941	-1
211	333	267	1114	43390	42932	-1
211	335	263	1096	43349	42932	-1
312	515	268	971	69553	69401	-1
312	537	262	967	69548	69401	-1
205	485	243	1162	41646	41389	-1
205	495	244	1173	41561	41389	-1
278	517	221	1136	62290	61955	-1
278	503	229	1127	62285	61955	-1
191	170	357	767	38356	38076	-1
191	145	349	774	38273	38076	-1
269	186	361	806	59952	59706	-1
269	160	351	814	59929	59706	-1
270	238	323	925	60180	59926	-1
270	259	336	929	60149	59926	-1
191	190	399	714	38331	38071	-1
191	170	404	725	38223	38071	-1
272	202	398	744	60768	60455	-1
272	191	411	751	60759	60455	-1
345	214	413	756	72519	72458	-1
345	205	427	770	72470	72458	-1
182	130	362	660	36420	36202	-1
182	115	361	669	36408	36202	-1
257	147	363	696	56975	56864	-1
257	164	357	688	56948	56864	-1
194	440	289	1134	39006	38659	-1
194	440	296	1152	38919	38659	-1
268	467	278	1136	59612	59526	-1
268	487	273	1153	59609	59526	-1
212	127	360	584	43555	43213	-1
212	101	357	587	43494	43213	-1
284	137	365	596	63919	63681	-1
284	120	357	604	63719	63681	-1
192	157	383	680	38613	38347	-1
192	135	396	680	38492	38347	-1
268	192	397	700	59670	59342	-1
268	173	397	698	59648	59342	-1
265	458	338	656	58989	58814	-1
265	480	336	652	58936	58814	-1
287	469	365	718	64714	64462	-1
287	492	371	713	64703	64462	-1
244	288	293	1047	53397	53016	-1
244	315	299	1041	53389	53016	-1
328	340	312	1083	71248	71157	-1
328	330	313	1092	71238	71157	-1
188	138	438	620	37679	37392	-1
188	156	436	609	37678	37392	-1
267	175	430	628	59423	59127	-1
267	156	435	639	59410	59127	-1
204	380	306	1108	41360	41115	-1
204	370	310	1120	41321	41115	-1
275	415	303	1143	61594	61151	-1
275	405	312	1146	61586	61151	-1
285	455	343	534	64110	63769	-1
285	445	357	538	64104	63769	-1
190	237	305	976	38052	37910	-1
190	260	308	967	38032	37910	-1
264	297	311	992	58727	58475	-1
264	276	312	1002	58720	58475	-1
211	482	410	691	43426	43112	-1
211	465	396	695	43267	43112	-1
283	479	395	650	63533	63189	-1
283	457	399	650	63477	63189	-1
271	545	270	1064	60501	60138	-1
271	523	261	1065	60487	60138	-1
196	248	369	903	39407	39228	-1
196	240	386	911	39378	39228	-1
199	231	404	837	40261	39969	-1
199	213	403	835	40090	39969	-1
216	241	406	837	44882	44331	-1
216	247	402	833	44881	44331	-1
280	257	396	845	62855	62460	-1
280	244	402	850	62801	62460	-1
198	165	425	648	39816	39695	-1
198	144	430	650	39807	39695	-1
272	175	432	667	60676	60401	-1
272	187	425	656	60672	60401	-1
225	278	359	1006	47523	47292	-1
225	290	350	993	47500	47292	-1
297	324	379	1028	66916	66700	-1
297	337	373	1019	66911	66700	-1
193	500	402	791	38731	38488	-1
193	476	397	786	38695	38488	-1
268	512	381	748	59629	59524	-1
268	491	383	756	59593	59524	-1
275	500	346	876	61382	61130	-1
275	522	338	880	61380	61130	-1
195	280	366	952	39303	39027	-1
195	297	357	942	39146	39027	-1
268	319	381	974	59743	59440	-1
268	313	387	984	59739	59440	-1
195	565	272	1008	39186	38871	-1
195	545	281	995	39182	38871	-1
195	253	371	936	39187	38999	-1
195	272	362	927	39130	38999	-1
275	274	386	964	61609	61128	-1
275	294	373	952	61572	61128	-1
219	217	337	840	45786	45342	-1
219	191	338	844	45605	45342	-1
310	204	353	862	69273	69141	-1
310	224	356	860	69251	69141	-1
306	544	216	1052	68768	68590	-1
306	530	224	1052	68760	68590	-1
224	101	376	520	47254	46762	-1
224	120	385	515	47161	46762	-1
283	454	284	1165	63510	63255	-1
283	456	280	1153	63495	63255	-1
309	522	244	906	69107	69047	-1
309	498	253	900	69106	69047	-1
185	270	348	1003	37038	36698	-1
185	277	340	987	37032	36698	-1
258	332	360	1031	57394	56998	-1
258	311	359	1039	57373	56998	-1
202	229	358	895	41021	40639	-1
202	212	357	900	41004	40639	-1
279	494	363	797	62584	62183	-1
279	470	353	803	62524	62183	-1
273	528	279	1039	60938	60724	-1
273	542	282	1027	60935	60724	-1
288	523	307	933	64910	64674	-1
288	507	308	935	64819	64674	-1
218	206	400	824	45493	45059	-1
218	220	396	809	45266	45059	-1
186	542	304	875	37290	36940	-1
186	528	312	879	37128	36940	-1
262	520	276	842	58349	57901	-1
262	508	290	841	58338	57901	-1
211	235	383	866	43327	43138	-1
211	223	393	873	43225	43138	-1
289	268	406	886	64998	64968	-1
289	275	398	874	64994	64968	-1
210	355	291	1083	43054	42806	-1
210	365	290	1068	43049	42806	-1
282	395	289	1088	63247	63077	-1
282	385	291	1106	63243	63077	-1
335	525	266	1099	71763	71698	-1
335	547	265	1111	71754	71698	-1
267	473	382	535	59517	59269	-1
267	455	379	549	59516	59269	-1
344	457	374	529	72430	72391	-1
344	438	374	531	72421	72391	-1
222	506	321	832	46737	46361	-1
222	490	325	850	46512	46361	-1
312	506	281	787	69601	69374	-1
312	490	296	789	69597	69374	-1
271	207	426	723	60484	60114	-1
271	180	433	728	60458	60114	-1
236	415	243	1162	51015	50537	-1
236	416	251	1146	50944	50537	-1
320	449	245	1155	70500	70334	-1
320	450	247	1142	70445	70334	-1
309	526	244	1113	69125	69006	-1
309	513	241	1101	69086	69006	-1
230	249	315	936	48986	48736	-1
230	228	316	941	48975	48736	-1
321	268	335	975	70580	70438	-1
321	282	334	964	70524	70438	-1
327	283	372	998	71143	71054	-1
327	292	366	990	71141	71054	-1
285	485	332	822	64014	63698	-1
285	504	336	816	63983	63698	-1
177	495	355	671	35418	35029	-1
177	475	356	675	35410	35029	-1
254	459	347	628	56293	56058	-1
254	482	333	629	56171	56058	-1
219	80	359	474	45694	45475	-1
219	99	358	474	45602	45475	-1
297	89	360	501	67097	66784	-1
297	102	364	490	67080	66784	-1
212	150	360	744	43645	43201	-1
212	170	354	731	43613	43201	-1
243	200	371	858	53007	52792	-1
243	222	363	857	52942	52792	-1
323	236	387	878	70791	70703	-1
323	245	380	872	70785	70703	-1
204	186	431	673	41388	41114	-1
204	170	441	680	41340	41114	-1
277	188	444	695	61939	61743	-1
277	206	442	695	61931	61743	-1
217	382	259	1134	45093	44826	-1
217	364	243	1144	44988	44826	-1
289	396	249	1154	65195	64867	-1
289	406	260	1145	65166	64867	-1
244	520	250	1005	53296	52959	-1
244	541	246	1010	53275	52959	-1
316	542	225	971	70066	69963	-1
316	523	234	974	70015	69963	-1
256	205	423	803	56881	56578	-1
256	226	416	800	56853	56578	-1
333	223	445	825	71642	71526	-1
333	240	438	821	71641	71526	-1
296	542	314	966	66881	66508	-1
296	526	314	962	66778	66508	-1
195	455	420	640	39165	39060	-1
195	432	413	641	39134	39060	-1
194	505	290	1136	39014	38710	-1
194	507	277	1125	39002	38710	-1
266	525	271	1097	59204	58977	-1
266	541	264	1110	59119	58977	-1
353	461	372	544	72933	72877	-1
353	443	362	548	72907	72877	-1
197	124	426	480	39690	39364	-1
197	120	437	475	39587	39364	-1
284	157	448	511	63732	63528	-1
284	133	457	511	63731	63528	-1
368	141	443	526	73535	73492	-1
368	130	450	525	73521	73492	-1
208	151	360	714	42491	42137	-1
208	124	351	709	42489	42137	-1
283	187	365	735	63682	63193	-1
283	169	355	731	63591	63193	-1
273	389	312	1106	60840	60722	-1
273	380	326	1115	60839	60722	-1
276	424	409	552	61745	61493	-1
276	441	415	552	61744	61493	-1
239	110	406	542	51807	51448	-1
239	90	404	555	51716	51448	-1
319	127	403	563	70402	70299	-1
319	148	398	561	70375	70299	-1
204	496	243	780	41399	41075	-1
204	506	235	770	41364	41075	-1
277	476	232	736	61921	61715	-1
277	459	232	746	61920	61715	-1
205	508	327	905	41718	41449	-1
205	526	330	899	41676	41449	-1
204	505	198	820	41437	41157	-1
204	476	207	828	41334	41157	-1
283	460	191	788	63658	63310	-1
283	440	196	795	63574	63310	-1
202	476	201	775	41020	40591	-1
202	487	197	766	40850	40591	-1
276	440	195	728	61862	61425	-1
276	461	194	732	61842	61425	-1
209	503	263	656	42756	42550	-1
209	477	276	659	42698	42550	-1
286	456	262	622	64278	64152	-1
286	438	260	625	64221	64152	-1
200	463	242	728	40505	40241	-1
200	482	236	722	40327	40241	-1
278	448	227	684	62309	61879	-1
278	459	217	674	62302	61879	-1
212	109	293	461	43553	43341	-1
212	100	276	464	43480	43341	-1
290	116	265	490	65286	65204	-1
290	132	275	483	65284	65204	-1
207	207	221	796	42146	42054	-1
207	187	215	798	42108	42054	-1
283	201	238	822	63676	63408	-1
283	183	243	828	63480	63408	-1
207	131	251	458	42278	41904	-1
207	130	265	467	42211	41904	-1
288	145	224	488	64929	64468	-1
288	129	220	485	64919	64468	-1
