295	277	546	568	5129	-1	-1
296	281	547	570	5126	5129	-1
297	281	547	572	5123	5126	-1
298	281	547	572	5094	5123	-1
299	281	549	565	5110	5094	-1
300	281	547	565	5113	5110	-1
301	281	549	566	5116	5113	-1
302	281	548	567	5119	5116	-1
299	281	546	579	5097	5094	-1
300	281	544	583	5100	5097	-1
301	281	542	584	5103	5100	-1
302	281	542	588	5106	5103	-1
146	223	389	959	1546	-1	-1
147	227	391	958	1543	1546	-1
148	227	390	957	1540	1543	-1
149	227	390	957	1507	1540	-1
150	227	388	956	1510	1507	-1
151	231	381	966	1513	1510	-1
152	231	377	968	1516	1513	-1
153	227	376	968	1519	1516	-1
154	227	376	970	1522	1519	-1
151	229	397	953	1526	1510	-1
152	229	400	952	1529	1526	-1
153	231	402	955	1532	1529	-1
154	235	400	957	1535	1532	-1
149	87	236	633	1043	-1	-1
150	90	236	634	1040	1043	-1
151	90	235	632	1037	1040	-1
152	90	235	636	1034	1037	-1
153	90	236	640	996	1034	-1
154	90	236	633	1015	996	-1
155	88	234	633	1018	1015	-1
156	88	233	633	1021	1018	-1
157	88	234	634	1024	1021	-1
158	88	231	637	1027	1024	-1
159	88	232	637	1030	1027	-1
154	90	229	649	999	996	-1
155	93	225	656	1002	999	-1
156	93	224	662	1005	1002	-1
157	93	228	664	1008	1005	-1
158	93	229	666	1011	1008	-1
143	512	413	642	2222	-1	-1
144	509	417	639	2219	2222	-1
145	506	416	636	2216	2219	-1
146	506	415	632	2164	2216	-1
147	498	415	630	2178	2164	-1
148	506	412	635	2181	2178	-1
149	512	409	633	2184	2181	-1
150	509	408	633	2187	2184	-1
151	509	407	630	2190	2187	-1
152	512	406	627	2193	2190	-1
148	495	419	619	2197	2178	-1
149	501	419	614	2200	2197	-1
150	501	419	609	2203	2200	-1
151	492	419	609	2206	2203	-1
152	495	419	606	2209	2206	-1
148	103	223	668	1046	-1	-1
149	103	223	668	1049	1046	-1
150	103	233	673	1065	1049	-1
151	100	234	677	1068	1065	-1
152	100	236	678	1071	1068	-1
153	95	236	678	1074	1071	-1
150	103	213	665	1052	1049	-1
151	109	211	666	1055	1052	-1
152	109	208	668	1058	1055	-1
153	109	207	669	1061	1058	-1
298	444	109	753	5977	-1	-1
299	444	109	753	5948	5977	-1
300	444	108	755	5945	5948	-1
301	444	109	754	5885	5945	-1
302	444	110	745	5932	5885	-1
303	444	112	744	5935	5932	-1
304	444	114	744	5938	5935	-1
305	444	112	744	5941	5938	-1
302	444	104	758	5888	5885	-1
303	441	104	760	5891	5888	-1
304	441	106	761	5925	5891	-1
305	441	105	763	5928	5925	-1
148	534	399	878	2587	-1	-1
149	529	400	873	2584	2587	-1
150	532	399	873	2581	2584	-1
151	529	400	868	2578	2581	-1
152	532	400	869	2540	2578	-1
153	532	393	870	2543	2540	-1
154	537	392	868	2546	2543	-1
155	534	390	866	2549	2546	-1
156	540	388	861	2552	2549	-1
157	540	389	861	2555	2552	-1
153	523	411	863	2561	2540	-1
154	518	414	859	2564	2561	-1
155	518	417	856	2567	2564	-1
156	521	418	853	2570	2567	-1
157	526	417	852	2573	2570	-1
298	177	463	255	4130	-1	-1
299	177	465	254	4127	4130	-1
300	177	465	254	4055	4127	-1
301	181	463	254	4095	4055	-1
302	177	456	260	4098	4095	-1
303	177	453	261	4101	4098	-1
304	185	452	260	4104	4101	-1
305	185	454	261	4107	4104	-1
302	181	467	248	4112	4095	-1
303	173	471	244	4115	4112	-1
304	173	475	242	4118	4115	-1
305	173	473	241	4121	4118	-1
296	221	159	922	4648	-1	-1
297	221	159	925	4645	4648	-1
298	221	160	928	4642	4645	-1
299	221	157	926	4612	4642	-1
300	221	164	927	4615	4612	-1
301	215	164	925	4618	4615	-1
302	215	166	927	4621	4618	-1
303	215	167	930	4624	4621	-1
300	226	151	926	4629	4612	-1
301	226	149	926	4632	4629	-1
302	231	148	929	4635	4632	-1
303	231	147	927	4638	4635	-1
149	227	368	981	1580	-1	-1
150	227	365	983	1577	1580	-1
151	223	365	983	1574	1577	-1
152	223	361	984	1549	1574	-1
153	225	363	978	1564	1549	-1
154	225	362	976	1567	1564	-1
155	225	364	975	1570	1567	-1
153	223	352	993	1552	1549	-1
154	231	350	997	1555	1552	-1
155	231	347	1000	1558	1555	-1
297	303	463	931	5167	-1	-1
298	303	464	930	5164	5167	-1
299	303	464	930	5161	5164	-1
300	303	464	931	5132	5161	-1
301	306	466	924	5135	5132	-1
302	306	467	920	5138	5135	-1
303	306	467	921	5141	5138	-1
304	306	467	918	5144	5141	-1
301	312	459	940	5148	5132	-1
302	312	459	942	5151	5148	-1
303	315	461	944	5154	5151	-1
304	315	461	945	5157	5154	-1
295	402	503	685	5681	-1	-1
296	402	500	686	5678	5681	-1
297	402	502	686	5622	5678	-1
298	408	502	685	5625	5622	-1
299	408	495	681	5664	5625	-1
300	415	494	682	5667	5664	-1
301	415	494	680	5670	5667	-1
302	415	494	679	5673	5670	-1
299	405	507	691	5628	5625	-1
300	405	509	694	5654	5628	-1
301	405	510	696	5657	5654	-1
302	405	512	695	5660	5657	-1
146	112	445	647	1088	-1	-1
147	112	446	648	1085	1088	-1
148	112	441	650	1082	1085	-1
149	112	441	649	1079	1082	-1
150	112	441	651	760	1079	-1
151	121	451	656	783	760	-1
152	121	455	658	786	783	-1
153	118	454	659	789	786	-1
154	121	455	664	792	789	-1
155	121	456	665	795	792	-1
156	124	457	667	798	795	-1
157	121	455	668	801	798	-1
158	124	452	670	804	801	-1
151	109	434	652	763	760	-1
152	102	432	653	766	763	-1
153	105	428	657	769	766	-1
154	102	429	661	772	769	-1
155	105	428	661	775	772	-1
156	102	426	664	778	775	-1
295	524	296	1167	6724	-1	-1
296	524	298	1163	6700	6724	-1
297	524	297	1161	6697	6700	-1
298	524	296	1162	6653	6697	-1
299	524	300	1155	6679	6653	-1
300	524	300	1155	6687	6679	-1
301	524	302	1154	6690	6687	-1
302	524	303	1151	6693	6690	-1
299	524	292	1167	6656	6653	-1
300	520	290	1171	6659	6656	-1
301	520	290	1171	6672	6659	-1
302	520	290	1171	6675	6672	-1
300	87	269	229	3143	-1	-1
301	92	278	220	3183	3143	-1
302	92	280	216	3186	3183	-1
303	92	281	216	3189	3186	-1
304	90	283	219	3192	3189	-1
301	92	266	235	3146	3143	-1
302	87	265	236	3171	3146	-1
303	87	263	236	3176	3171	-1
304	90	262	236	3179	3176	-1
296	177	217	917	4169	-1	-1
297	177	220	917	4166	4169	-1
298	177	215	918	4163	4166	-1
299	177	216	919	4133	4163	-1
300	177	217	913	4149	4133	-1
301	173	220	909	4152	4149	-1
302	170	218	906	4155	4152	-1
303	170	219	906	4158	4155	-1
300	177	220	925	4136	4133	-1
301	177	219	928	4139	4136	-1
302	177	218	931	4142	4139	-1
303	181	221	934	4145	4142	-1
147	248	391	979	1616	-1	-1
148	248	391	982	1613	1616	-1
149	248	387	982	1610	1613	-1
150	248	388	982	1583	1610	-1
151	256	393	993	1586	1583	-1
152	256	392	995	1589	1586	-1
153	259	391	999	1592	1589	-1
151	245	384	976	1596	1583	-1
152	245	379	975	1599	1596	-1
153	242	376	975	1602	1599	-1
154	237	376	975	1605	1602	-1
297	221	146	899	4689	-1	-1
298	221	145	899	4686	4689	-1
299	226	144	900	4683	4686	-1
300	226	145	901	4652	4683	-1
301	226	142	896	4659	4652	-1
302	221	142	893	4662	4659	-1
303	221	141	892	4665	4662	-1
304	226	139	892	4668	4665	-1
301	221	149	905	4655	4652	-1
302	221	151	908	4673	4655	-1
303	221	149	913	4676	4673	-1
304	221	153	914	4679	4676	-1
295	299	270	225	5205	-1	-1
296	299	270	226	5202	5205	-1
297	299	270	226	5199	5202	-1
298	305	270	227	5170	5199	-1
299	302	262	228	5173	5170	-1
300	302	261	229	5176	5173	-1
301	302	257	230	5179	5176	-1
302	309	256	231	5182	5179	-1
299	296	273	227	5186	5170	-1
300	293	275	220	5189	5186	-1
301	293	276	220	5192	5189	-1
302	293	275	220	5195	5192	-1
296	418	203	1140	5719	-1	-1
297	418	203	1140	5716	5719	-1
298	418	204	1141	5713	5716	-1
299	424	206	1141	5684	5713	-1
300	421	202	1146	5687	5684	-1
301	424	203	1150	5690	5687	-1
302	424	202	1151	5693	5690	-1
303	424	200	1154	5696	5693	-1
300	424	207	1133	5700	5684	-1
301	424	208	1130	5703	5700	-1
302	424	209	1126	5706	5703	-1
303	424	207	1126	5709	5706	-1
297	49	364	497	2884	-1	-1
298	52	366	496	2881	2884	-1
299	46	364	497	2805	2881	-1
300	46	365	495	2808	2805	-1
301	52	356	500	2811	2808	-1
302	49	353	499	2814	2811	-1
303	52	351	500	2817	2814	-1
304	49	351	503	2820	2817	-1
301	49	378	491	2824	2808	-1
302	52	383	491	2827	2824	-1
303	49	385	492	2831	2827	-1
304	49	383	492	2877	2831	-1
298	480	184	583	6235	-1	-1
299	480	186	583	6232	6235	-1
300	480	186	582	6229	6232	-1
301	480	185	580	6200	6229	-1
302	473	178	577	6216	6200	-1
303	473	178	577	6219	6216	-1
304	473	177	576	6222	6219	-1
305	473	171	580	6225	6222	-1
302	480	193	583	6203	6200	-1
303	480	198	585	6206	6203	-1
304	480	195	584	6209	6206	-1
305	480	198	587	6212	6209	-1
144	456	338	340	608	-1	-1
145	452	338	342	605	608	-1
146	452	338	341	602	605	-1
147	452	337	342	599	602	-1
148	456	332	339	596	599	-1
149	448	333	341	593	596	-1
150	456	333	340	534	593	-1
151	452	335	349	565	534	-1
152	456	338	351	568	565	-1
153	460	338	351	571	568	-1
154	460	338	347	574	571	-1
155	460	337	345	577	574	-1
156	460	338	346	580	577	-1
157	456	339	345	583	580	-1
158	456	340	346	586	583	-1
159	456	341	340	589	586	-1
151	448	328	330	537	534	-1
152	448	325	329	540	537	-1
153	448	324	327	543	540	-1
154	444	322	326	546	543	-1
155	444	320	325	549	546	-1
156	448	320	324	552	549	-1
157	448	321	327	555	552	-1
158	448	322	328	558	555	-1
159	448	324	327	561	558	-1
298	146	196	269	3693	-1	-1
299	146	194	271	3690	3693	-1
300	146	195	270	3663	3690	-1
301	142	196	269	3631	3663	-1
302	142	199	262	3650	3631	-1
303	146	200	256	3653	3650	-1
304	146	200	256	3656	3653	-1
305	146	201	255	3659	3656	-1
302	149	189	277	3634	3631	-1
303	149	184	278	3637	3634	-1
304	149	185	280	3640	3637	-1
305	152	183	279	3643	3640	-1
147	504	433	722	2160	-1	-1
148	503	437	716	2157	2160	-1
149	505	433	712	2154	2157	-1
150	504	433	709	2049	2154	-1
151	503	433	709	2053	2049	-1
152	510	428	709	2107	2053	-1
153	511	427	707	2110	2107	-1
154	513	426	705	2113	2110	-1
155	510	427	703	2116	2113	-1
156	509	427	701	2119	2116	-1
157	508	428	699	2122	2119	-1
152	497	441	705	2132	2053	-1
153	493	445	701	2135	2132	-1
154	489	450	697	2138	2135	-1
155	490	451	695	2141	2138	-1
156	491	451	693	2144	2141	-1
157	489	454	691	2147	2144	-1
147	545	364	743	2673	-1	-1
148	545	365	741	2670	2673	-1
149	545	367	743	2667	2670	-1
150	542	365	742	2664	2667	-1
151	545	363	742	2661	2664	-1
152	542	365	739	2590	2661	-1
153	542	365	737	2593	2590	-1
154	550	354	735	2651	2593	-1
155	550	351	734	2654	2651	-1
156	550	350	731	2657	2654	-1
154	540	377	740	2596	2593	-1
155	540	379	740	2643	2596	-1
156	540	377	739	2646	2643	-1
297	133	159	565	3618	-1	-1
298	133	159	564	3615	3618	-1
299	133	157	564	3612	3615	-1
300	133	155	566	3580	3612	-1
301	133	152	571	3599	3580	-1
302	140	151	575	3602	3599	-1
303	147	153	577	3605	3602	-1
304	147	152	578	3608	3605	-1
301	137	157	562	3584	3580	-1
302	130	158	560	3587	3584	-1
303	130	159	559	3590	3587	-1
304	130	158	557	3593	3590	-1
295	181	136	717	4215	-1	-1
296	181	137	716	4212	4215	-1
297	177	134	717	4209	4212	-1
298	177	137	717	4174	4209	-1
299	181	142	723	4177	4174	-1
300	181	139	726	4180	4177	-1
301	181	138	728	4183	4180	-1
302	181	137	729	4186	4183	-1
299	177	132	711	4190	4174	-1
300	185	132	710	4193	4190	-1
301	189	133	710	4196	4193	-1
302	185	134	711	4199	4196	-1
146	106	194	432	686	-1	-1
147	103	192	432	683	686	-1
148	103	190	434	680	683	-1
149	103	190	435	677	680	-1
150	98	192	437	627	677	-1
151	98	193	438	635	627	-1
152	98	192	447	658	635	-1
153	98	192	450	661	658	-1
154	98	191	453	664	661	-1
155	101	189	454	667	664	-1
156	101	188	456	670	667	-1
157	101	187	455	673	670	-1
152	98	196	428	638	635	-1
153	98	198	426	641	638	-1
154	98	196	424	644	641	-1
155	101	197	422	647	644	-1
156	101	197	424	650	647	-1
157	98	197	427	653	650	-1
296	480	203	573	6273	-1	-1
297	480	202	573	6270	6273	-1
298	480	201	576	6267	6270	-1
299	480	199	575	6238	6267	-1
300	480	193	570	6241	6238	-1
301	477	193	568	6244	6241	-1
302	477	192	568	6247	6244	-1
303	469	190	568	6250	6247	-1
300	487	206	577	6254	6238	-1
301	487	205	579	6257	6254	-1
302	487	207	578	6260	6257	-1
303	487	210	577	6263	6260	-1
298	433	491	767	5765	-1	-1
299	433	487	768	5762	5765	-1
300	433	487	767	5759	5762	-1
301	433	488	767	5722	5759	-1
302	439	487	761	5746	5722	-1
303	439	485	758	5749	5746	-1
304	443	483	760	5752	5749	-1
305	443	483	759	5755	5752	-1
302	427	492	773	5725	5722	-1
303	427	492	776	5728	5725	-1
304	427	492	778	5731	5728	-1
305	427	492	777	5734	5731	-1
295	230	322	77	4752	-1	-1
296	230	322	79	4749	4752	-1
297	230	321	77	4746	4749	-1
298	230	320	74	4692	4746	-1
299	230	320	77	4695	4692	-1
300	234	313	76	4698	4695	-1
301	234	310	78	4701	4698	-1
302	234	310	78	4704	4701	-1
303	230	308	78	4728	4704	-1
300	227	329	74	4732	4695	-1
301	227	331	73	4735	4732	-1
302	219	330	73	4738	4735	-1
303	219	329	74	4741	4738	-1
147	552	320	733	149	-1	-1
148	552	322	733	146	149	-1
149	551	321	730	143	146	-1
150	551	320	726	20	143	-1
151	550	321	712	111	20	-1
152	550	322	706	133	111	-1
153	549	323	703	136	133	-1
154	546	323	695	139	136	-1
151	552	318	732	120	20	-1
152	552	318	732	126	120	-1
153	552	321	731	129	126	-1
154	551	322	730	153	129	-1
144	258	135	941	1689	-1	-1
145	263	136	944	1686	1689	-1
146	263	137	944	1683	1686	-1
147	263	137	945	1680	1683	-1
148	272	134	945	1619	1680	-1
149	272	139	952	1654	1619	-1
150	269	140	956	1657	1654	-1
151	269	142	961	1660	1657	-1
152	269	139	959	1663	1660	-1
149	272	131	937	1667	1619	-1
150	266	127	936	1670	1667	-1
151	266	124	931	1673	1670	-1
152	272	122	934	1676	1673	-1
295	43	286	449	2801	-1	-1
296	46	285	449	2798	2801	-1
297	46	286	451	2795	2798	-1
298	46	286	453	2755	2795	-1
299	46	285	451	2758	2755	-1
300	46	279	445	2774	2758	-1
301	52	278	439	2777	2774	-1
302	52	279	439	2780	2777	-1
303	52	278	438	2783	2780	-1
300	46	292	458	2761	2758	-1
301	43	293	460	2764	2761	-1
302	38	293	464	2767	2764	-1
303	41	294	465	2770	2767	-1
297	189	449	101	4255	-1	-1
298	189	448	102	4252	4255	-1
299	189	447	102	4249	4252	-1
300	189	446	104	4219	4249	-1
301	189	443	100	4236	4219	-1
302	189	441	96	4239	4236	-1
303	189	439	94	4242	4239	-1
304	189	437	92	4245	4242	-1
301	189	452	108	4222	4219	-1
302	189	455	112	4225	4222	-1
303	189	456	111	4228	4225	-1
304	189	457	111	4231	4228	-1
298	531	399	884	6816	-1	-1
299	534	398	881	6783	6816	-1
300	534	399	881	6780	6783	-1
301	534	399	879	6727	6780	-1
302	534	394	878	6767	6727	-1
303	538	392	879	6770	6767	-1
304	538	391	878	6773	6770	-1
305	538	390	876	6776	6773	-1
302	531	405	883	6730	6727	-1
303	531	407	883	6757	6730	-1
304	531	408	884	6760	6757	-1
305	531	410	887	6763	6760	-1
295	66	365	613	2928	-1	-1
296	66	364	614	2925	2928	-1
297	66	362	616	2922	2925	-1
298	63	364	615	2919	2922	-1
299	63	363	614	2888	2919	-1
300	63	373	616	2891	2888	-1
301	63	379	616	2894	2891	-1
302	66	381	618	2897	2894	-1
303	66	383	618	2900	2897	-1
300	66	356	611	2904	2888	-1
301	72	353	612	2909	2904	-1
302	72	349	611	2912	2909	-1
303	69	350	612	2915	2912	-1
146	143	176	718	1186	-1	-1
147	143	177	719	1183	1186	-1
148	145	178	719	1180	1183	-1
149	145	179	722	1108	1180	-1
150	143	186	727	1159	1108	-1
151	139	191	729	1162	1159	-1
152	135	192	729	1165	1162	-1
153	135	190	734	1168	1165	-1
154	135	189	735	1171	1168	-1
150	145	172	718	1143	1108	-1
151	145	169	716	1146	1143	-1
152	145	169	716	1149	1146	-1
153	147	165	717	1152	1149	-1
154	147	163	719	1155	1152	-1
299	92	372	693	3237	-1	-1
300	92	371	695	3234	3237	-1
301	90	370	696	3231	3234	-1
302	87	374	696	3196	3231	-1
303	95	365	695	3215	3196	-1
304	92	363	694	3218	3215	-1
305	95	363	694	3221	3218	-1
306	92	362	693	3224	3221	-1
307	92	361	693	3227	3224	-1
303	87	382	695	3199	3196	-1
304	92	387	695	3202	3199	-1
305	95	391	694	3205	3202	-1
306	95	394	694	3208	3205	-1
307	95	394	693	3211	3208	-1
295	154	353	178	3750	-1	-1
296	154	351	180	3747	3750	-1
297	154	351	179	3742	3747	-1
298	154	350	180	3698	3742	-1
299	154	357	178	3716	3698	-1
300	154	363	177	3719	3716	-1
301	154	362	178	3722	3719	-1
302	154	364	177	3725	3722	-1
299	154	344	178	3729	3698	-1
300	150	338	179	3732	3729	-1
301	150	335	177	3735	3732	-1
302	154	335	180	3738	3735	-1
298	315	412	133	5287	-1	-1
299	315	412	133	5262	5287	-1
300	309	412	132	5259	5262	-1
301	309	413	133	5208	5259	-1
302	315	410	133	5211	5208	-1
303	315	408	134	5214	5211	-1
304	315	404	134	5217	5214	-1
305	318	405	134	5220	5217	-1
302	305	417	124	5227	5208	-1
303	305	418	125	5249	5227	-1
304	305	418	122	5252	5249	-1
305	305	418	122	5255	5252	-1
297	205	375	841	5806	-1	-1
298	205	376	846	5803	5806	-1
299	205	373	843	5770	5803	-1
300	205	373	844	5773	5770	-1
301	209	373	839	5789	5773	-1
302	209	370	838	5792	5789	-1
303	216	369	840	5795	5792	-1
304	219	368	840	5798	5795	-1
301	201	373	850	5776	5773	-1
302	201	371	853	5779	5776	-1
303	201	372	855	5782	5779	-1
304	201	373	856	5785	5782	-1
295	245	253	122	4793	-1	-1
296	241	254	120	4790	4793	-1
297	241	254	117	4755	4790	-1
298	237	253	116	4758	4755	-1
299	245	259	115	4761	4758	-1
300	245	263	115	4779	4761	-1
301	245	262	114	4782	4779	-1
302	245	259	114	4785	4782	-1
299	230	249	114	4765	4758	-1
300	230	248	114	4768	4765	-1
301	227	246	113	4771	4768	-1
302	227	246	114	4774	4771	-1
144	558	309	771	2750	-1	-1
145	558	307	770	2747	2750	-1
146	556	307	767	2743	2747	-1
147	556	309	764	2740	2743	-1
148	553	309	762	2737	2740	-1
149	553	309	761	2734	2737	-1
150	553	309	757	2731	2734	-1
151	553	308	755	2676	2731	-1
152	553	310	752	2679	2676	-1
153	548	312	739	2698	2679	-1
154	548	312	740	2716	2698	-1
155	548	313	735	2719	2716	-1
156	550	313	731	2722	2719	-1
157	548	313	727	2725	2722	-1
153	550	305	759	2682	2679	-1
154	556	306	761	2685	2682	-1
155	553	307	763	2688	2685	-1
156	556	305	758	2691	2688	-1
157	556	307	756	2694	2691	-1
149	289	131	984	1728	-1	-1
150	289	134	985	1725	1728	-1
151	287	134	987	1722	1725	-1
152	291	131	986	1692	1722	-1
153	296	131	978	1705	1692	-1
154	289	128	975	1708	1705	-1
155	294	126	976	1711	1708	-1
156	294	124	977	1714	1711	-1
153	296	131	998	1695	1692	-1
154	298	132	1001	1698	1695	-1
155	300	134	1006	1701	1698	-1
156	302	132	1007	1718	1701	-1
146	540	319	1124	194	-1	-1
147	542	318	1119	191	194	-1
148	542	318	1116	188	191	-1
149	540	317	1113	157	188	-1
150	534	323	1113	164	157	-1
151	534	327	1115	167	164	-1
152	534	329	1112	170	167	-1
153	534	332	1109	173	170	-1
150	547	312	1107	160	157	-1
151	550	310	1102	178	160	-1
152	550	309	1095	181	178	-1
153	550	315	1093	184	181	-1
295	542	362	723	6854	-1	-1
296	542	360	721	6851	6854	-1
297	542	358	723	6848	6851	-1
298	538	359	723	6819	6848	-1
299	542	353	721	6835	6819	-1
300	538	350	719	6838	6835	-1
301	538	351	716	6841	6838	-1
302	538	349	715	6844	6841	-1
299	538	367	725	6822	6819	-1
300	538	370	725	6825	6822	-1
301	538	374	725	6828	6825	-1
302	538	378	725	6831	6828	-1
297	185	536	512	4295	-1	-1
298	185	535	512	4292	4295	-1
299	184	536	512	4289	4292	-1
300	185	536	512	4260	4289	-1
301	192	538	516	4276	4260	-1
302	197	539	516	4279	4276	-1
303	198	540	520	4282	4279	-1
304	201	542	516	4285	4282	-1
301	178	531	514	4263	4260	-1
302	174	532	514	4266	4263	-1
303	174	531	514	4269	4266	-1
304	175	532	514	4272	4269	-1
297	491	325	1166	6346	-1	-1
298	491	324	1165	6343	6346	-1
299	491	324	1165	6340	6343	-1
300	491	320	1165	6276	6340	-1
301	491	331	1158	6279	6276	-1
302	491	332	1158	6282	6279	-1
303	491	333	1159	6285	6282	-1
304	491	333	1158	6288	6285	-1
301	495	314	1168	6292	6276	-1
302	495	314	1168	6310	6292	-1
303	498	311	1169	6313	6310	-1
304	498	311	1169	6336	6313	-1
297	570	268	1095	7202	-1	-1
298	570	267	1094	7199	7202	-1
299	570	265	1092	7147	7199	-1
300	570	265	1094	7155	7147	-1
301	574	271	1086	7185	7155	-1
302	574	273	1081	7188	7185	-1
303	574	274	1079	7191	7188	-1
304	574	276	1077	7194	7191	-1
301	570	263	1099	7158	7155	-1
302	574	262	1102	7161	7158	-1
303	574	263	1102	7164	7161	-1
304	570	264	1103	7167	7164	-1
298	319	305	132	5326	-1	-1
299	322	304	133	5323	5326	-1
300	319	305	132	5320	5323	-1
301	319	304	134	5290	5320	-1
302	325	305	135	5293	5290	-1
303	325	309	136	5296	5293	-1
304	325	309	135	5299	5296	-1
305	325	308	134	5302	5299	-1
302	316	298	131	5306	5290	-1
303	309	296	131	5309	5306	-1
304	309	294	132	5312	5309	-1
305	309	291	130	5315	5312	-1
296	444	481	646	5844	-1	-1
297	444	482	643	5841	5844	-1
298	444	481	642	5838	5841	-1
299	444	482	646	5809	5838	-1
300	444	485	649	5812	5809	-1
301	444	488	653	5815	5812	-1
302	444	487	656	5818	5815	-1
303	444	488	658	5821	5818	-1
300	444	481	638	5825	5809	-1
301	444	480	636	5828	5825	-1
302	444	478	634	5831	5828	-1
303	444	478	636	5834	5831	-1
299	154	510	587	3790	-1	-1
300	158	513	587	3787	3790	-1
301	158	511	589	3784	3787	-1
302	158	511	588	3754	3784	-1
303	158	511	582	3771	3754	-1
304	154	510	581	3774	3771	-1
305	154	510	579	3777	3774	-1
306	158	508	577	3780	3777	-1
303	158	514	593	3757	3754	-1
304	158	515	598	3760	3757	-1
305	166	517	600	3763	3760	-1
306	166	519	602	3766	3763	-1
298	94	212	625	3291	-1	-1
299	91	212	626	3288	3291	-1
300	94	213	628	3285	3288	-1
301	95	211	626	3256	3285	-1
302	95	215	630	3259	3256	-1
303	90	216	634	3262	3259	-1
304	90	216	637	3265	3262	-1
305	90	218	637	3268	3265	-1
302	92	204	622	3272	3256	-1
303	97	200	620	3275	3272	-1
304	100	197	622	3278	3275	-1
305	100	196	622	3281	3278	-1
299	245	248	1051	4838	-1	-1
300	245	245	1053	4835	4838	-1
301	245	242	1054	4832	4835	-1
302	245	244	1056	4796	4832	-1
303	248	240	1061	4799	4796	-1
304	255	241	1062	4802	4799	-1
305	259	241	1063	4805	4802	-1
306	259	240	1064	4808	4805	-1
303	245	250	1051	4819	4796	-1
304	248	253	1051	4822	4819	-1
305	245	254	1050	4825	4822	-1
306	245	251	1049	4828	4825	-1
148	156	203	827	1257	-1	-1
149	156	202	828	1254	1257	-1
150	162	205	831	1251	1254	-1
151	162	205	834	1248	1251	-1
152	162	204	838	1191	1248	-1
153	162	205	829	1230	1191	-1
154	159	204	827	1233	1230	-1
155	159	204	827	1236	1233	-1
156	162	201	830	1239	1236	-1
153	162	202	849	1217	1191	-1
154	162	200	855	1220	1217	-1
155	167	200	858	1223	1220	-1
156	167	200	863	1226	1223	-1
296	545	358	922	6892	-1	-1
297	545	357	920	6889	6892	-1
298	545	358	922	6886	6889	-1
299	545	356	922	6857	6886	-1
300	545	351	922	6873	6857	-1
301	549	349	922	6876	6873	-1
302	549	348	918	6879	6876	-1
303	549	348	918	6882	6879	-1
300	538	366	915	6860	6857	-1
301	538	368	914	6863	6860	-1
302	538	369	913	6866	6863	-1
303	538	373	913	6869	6866	-1
150	520	177	745	2286	-1	-1
151	517	180	746	2283	2286	-1
152	517	181	742	2280	2283	-1
153	517	183	742	2225	2280	-1
154	517	188	739	2261	2225	-1
155	517	195	738	2264	2261	-1
156	520	199	736	2267	2264	-1
157	522	200	735	2270	2267	-1
158	525	202	733	2273	2270	-1
159	520	200	732	2276	2273	-1
154	514	177	744	2241	2225	-1
155	517	173	748	2244	2241	-1
156	514	172	747	2247	2244	-1
157	514	171	744	2250	2247	-1
158	514	171	745	2253	2250	-1
159	517	171	742	2256	2253	-1
297	495	164	709	6385	-1	-1
298	495	164	709	6382	6385	-1
299	495	167	708	6349	6382	-1
300	498	165	708	6352	6349	-1
301	498	163	718	6355	6352	-1
302	498	162	721	6358	6355	-1
303	498	163	721	6361	6358	-1
304	498	162	723	6364	6361	-1
301	498	169	698	6368	6352	-1
302	498	168	696	6371	6368	-1
303	498	165	696	6374	6371	-1
304	498	164	697	6377	6374	-1
144	524	416	806	242	-1	-1
145	513	416	805	239	242	-1
146	513	417	805	236	239	-1
147	513	418	802	233	236	-1
148	511	419	798	230	233	-1
149	511	420	795	198	230	-1
150	511	418	800	217	198	-1
151	511	422	801	220	217	-1
152	511	421	803	223	220	-1
150	513	418	786	201	198	-1
151	513	418	778	204	201	-1
152	513	421	777	207	204	-1
153	513	418	773	210	207	-1
154	513	419	770	213	210	-1
145	95	193	480	757	-1	-1
146	92	195	484	752	757	-1
147	92	194	484	749	752	-1
148	98	195	490	691	749	-1
149	98	195	491	694	691	-1
150	90	200	498	701	694	-1
151	90	201	501	704	701	-1
152	87	201	504	707	704	-1
153	84	200	507	710	707	-1
154	90	200	508	713	710	-1
155	90	198	507	716	713	-1
156	90	196	508	719	716	-1
150	106	189	486	697	694	-1
151	106	186	484	729	697	-1
152	103	183	484	732	729	-1
153	103	182	487	735	732	-1
154	103	182	487	738	735	-1
155	103	182	489	741	738	-1
156	106	180	493	744	741	-1
294	158	244	151	3833	-1	-1
295	158	244	152	3830	3833	-1
296	158	244	154	3827	3830	-1
297	158	243	155	3824	3827	-1
298	158	245	153	3795	3824	-1
299	158	249	150	3811	3795	-1
300	154	253	149	3814	3811	-1
301	150	252	147	3817	3814	-1
302	150	252	149	3820	3817	-1
299	162	235	154	3798	3795	-1
300	162	235	155	3801	3798	-1
301	162	234	156	3804	3801	-1
302	162	233	156	3807	3804	-1
295	444	129	664	5882	-1	-1
296	444	129	663	5879	5882	-1
297	444	128	662	5876	5879	-1
298	444	127	661	5847	5876	-1
299	444	126	669	5850	5847	-1
300	444	128	671	5853	5850	-1
301	444	128	670	5856	5853	-1
302	444	129	669	5859	5856	-1
299	444	124	656	5863	5847	-1
300	441	124	655	5866	5863	-1
301	441	123	653	5869	5866	-1
302	441	121	653	5872	5869	-1
296	190	178	901	4479	-1	-1
297	190	178	901	4476	4479	-1
298	190	178	901	4473	4476	-1
299	190	179	900	4440	4473	-1
300	190	171	895	4460	4440	-1
301	190	168	894	4463	4460	-1
302	194	165	891	4466	4463	-1
303	194	166	893	4469	4466	-1
300	190	181	907	4443	4440	-1
301	190	183	910	4446	4443	-1
302	190	183	913	4449	4446	-1
303	190	182	913	4452	4449	-1
146	357	506	516	1789	-1	-1
147	353	506	515	1786	1789	-1
148	355	508	515	1783	1786	-1
149	353	509	515	1780	1783	-1
150	353	509	518	1739	1780	-1
151	353	513	519	1742	1739	-1
152	348	523	524	1745	1742	-1
153	344	525	526	1748	1745	-1
154	344	528	527	1751	1748	-1
155	342	532	529	1754	1751	-1
156	335	535	529	1757	1754	-1
152	348	508	516	1762	1742	-1
153	344	505	516	1765	1762	-1
154	344	504	516	1768	1765	-1
155	339	509	518	1771	1768	-1
156	342	510	519	1774	1771	-1
298	104	185	592	3330	-1	-1
299	104	186	592	3327	3330	-1
300	106	185	594	3324	3327	-1
301	109	184	597	3295	3324	-1
302	106	185	604	3298	3295	-1
303	104	183	609	3301	3298	-1
304	109	183	613	3304	3301	-1
305	109	183	614	3307	3304	-1
302	109	186	589	3311	3295	-1
303	106	185	587	3314	3311	-1
304	106	182	587	3317	3314	-1
305	106	182	587	3320	3317	-1
295	134	485	616	3628	-1	-1
296	134	489	618	3625	3628	-1
297	134	488	617	3622	3625	-1
298	134	487	616	3467	3622	-1
299	134	493	611	3567	3467	-1
300	140	495	611	3570	3567	-1
301	140	495	611	3573	3570	-1
302	140	496	611	3576	3573	-1
299	134	481	621	3475	3467	-1
300	134	480	626	3478	3475	-1
301	129	479	628	3483	3478	-1
302	129	479	630	3547	3483	-1
149	170	339	68	1298	-1	-1
150	168	342	70	1295	1298	-1
151	164	347	69	1292	1295	-1
152	170	349	67	1289	1292	-1
153	168	350	69	1260	1289	-1
154	168	342	67	1263	1260	-1
155	174	338	66	1266	1263	-1
156	174	335	66	1269	1266	-1
157	168	335	70	1272	1269	-1
154	166	358	69	1276	1260	-1
155	162	362	67	1279	1276	-1
156	157	361	67	1282	1279	-1
157	153	364	70	1285	1282	-1
296	560	348	829	6931	-1	-1
297	560	348	827	6928	6931	-1
298	560	347	826	6925	6928	-1
299	560	347	824	6895	6925	-1
300	560	347	815	6911	6895	-1
301	560	348	809	6914	6911	-1
302	560	349	807	6917	6914	-1
303	560	350	808	6920	6917	-1
300	560	345	831	6898	6895	-1
301	560	347	834	6901	6898	-1
302	560	349	833	6904	6901	-1
303	560	350	832	6907	6904	-1
295	502	351	518	6424	-1	-1
296	502	351	516	6421	6424	-1
297	502	349	517	6418	6421	-1
298	502	352	519	6389	6418	-1
299	502	346	522	6392	6389	-1
300	502	342	526	6395	6392	-1
301	502	344	526	6398	6395	-1
302	502	344	525	6401	6398	-1
299	502	357	511	6405	6389	-1
300	495	360	507	6408	6405	-1
301	495	362	504	6411	6408	-1
302	495	363	503	6414	6411	-1
148	517	157	815	2329	-1	-1
149	514	155	814	2325	2329	-1
150	517	155	810	2322	2325	-1
151	514	154	810	2289	2322	-1
152	514	158	808	2292	2289	-1
153	509	158	815	2295	2292	-1
154	509	158	815	2298	2295	-1
155	509	160	815	2301	2298	-1
156	509	160	814	2304	2301	-1
153	512	158	799	2308	2292	-1
154	514	159	793	2311	2308	-1
155	514	159	786	2314	2311	-1
156	514	159	782	2317	2314	-1
146	510	137	874	290	-1	-1
147	514	139	871	287	290	-1
148	517	141	869	284	287	-1
149	513	143	867	281	284	-1
150	509	143	865	251	281	-1
151	514	143	853	267	251	-1
152	513	143	847	270	267	-1
153	512	143	841	273	270	-1
154	514	145	835	276	273	-1
151	516	144	868	254	251	-1
152	516	147	869	257	254	-1
153	516	148	869	260	257	-1
154	518	148	865	263	260	-1
298	347	226	1088	5416	-1	-1
299	347	228	1088	5413	5416	-1
300	347	227	1088	5410	5413	-1
301	347	225	1088	5329	5410	-1
302	347	222	1098	5332	5329	-1
303	347	221	1100	5335	5332	-1
304	338	222	1102	5338	5335	-1
305	338	222	1102	5375	5338	-1
302	347	225	1083	5380	5329	-1
303	350	225	1080	5383	5380	-1
304	350	225	1081	5403	5383	-1
305	350	226	1079	5406	5403	-1
296	106	176	558	3370	-1	-1
297	109	176	559	3367	3370	-1
298	104	179	559	3364	3367	-1
299	104	178	561	3333	3364	-1
300	104	181	567	3336	3333	-1
301	104	182	570	3339	3336	-1
302	102	185	573	3342	3339	-1
303	102	185	574	3345	3342	-1
300	104	175	554	3349	3333	-1
301	111	170	556	3352	3349	-1
302	111	169	554	3355	3352	-1
303	113	168	554	3358	3355	-1
298	262	262	120	4907	-1	-1
299	262	262	119	4904	4907	-1
300	262	264	118	4901	4904	-1
301	262	265	119	4841	4901	-1
302	262	266	112	4844	4841	-1
303	259	268	108	4888	4844	-1
304	259	269	107	4891	4888	-1
305	259	268	107	4895	4891	-1
302	267	260	124	4848	4841	-1
303	269	257	125	4851	4848	-1
304	269	257	129	4854	4851	-1
305	269	257	129	4857	4854	-1
296	198	200	949	4399	-1	-1
297	198	202	950	4396	4399	-1
298	202	203	950	4375	4396	-1
299	202	202	950	4333	4375	-1
300	202	196	945	4350	4333	-1
301	202	193	946	4353	4350	-1
302	198	191	943	4356	4353	-1
303	198	190	945	4359	4356	-1
300	202	207	955	4336	4333	-1
301	202	207	956	4339	4336	-1
302	202	209	957	4342	4339	-1
303	202	213	959	4345	4342	-1
144	426	404	1013	1843	-1	-1
145	430	407	1015	1840	1843	-1
146	430	406	1017	1837	1840	-1
147	430	408	1016	1834	1837	-1
148	432	409	1018	1794	1834	-1
149	430	408	1017	1797	1794	-1
150	436	417	1016	1800	1797	-1
151	438	420	1017	1803	1800	-1
152	440	421	1016	1806	1803	-1
153	440	423	1015	1809	1806	-1
154	440	424	1013	1812	1809	-1
150	428	399	1017	1816	1797	-1
151	430	397	1017	1819	1816	-1
152	430	397	1019	1822	1819	-1
153	428	398	1022	1825	1822	-1
154	430	399	1025	1829	1825	-1
296	560	326	839	6971	-1	-1
297	560	323	835	6968	6971	-1
298	560	323	835	6965	6968	-1
299	560	324	835	6934	6965	-1
300	563	317	836	6951	6934	-1
301	563	315	837	6954	6951	-1
302	563	312	837	6957	6954	-1
303	563	313	835	6960	6957	-1
300	563	328	830	6937	6934	-1
301	563	333	826	6940	6937	-1
302	563	337	825	6943	6940	-1
303	563	338	824	6946	6943	-1
145	165	448	777	1348	-1	-1
146	165	446	778	1345	1348	-1
147	165	447	781	1342	1345	-1
148	163	444	777	1339	1342	-1
149	165	445	779	1336	1339	-1
150	165	442	778	1301	1336	-1
151	165	444	782	1304	1301	-1
152	163	440	774	1307	1304	-1
153	159	441	774	1311	1307	-1
154	157	440	775	1314	1311	-1
155	159	437	777	1317	1314	-1
152	172	445	794	1322	1304	-1
153	172	447	798	1325	1322	-1
154	174	447	802	1328	1325	-1
155	178	448	803	1331	1328	-1
295	502	425	653	6475	-1	-1
296	502	423	652	6472	6475	-1
297	502	422	651	6469	6472	-1
298	502	422	649	6427	6469	-1
299	502	430	646	6443	6427	-1
300	502	433	644	6446	6443	-1
301	495	433	642	6449	6446	-1
302	495	433	642	6465	6449	-1
299	502	416	649	6430	6427	-1
300	502	409	649	6433	6430	-1
301	502	408	652	6436	6433	-1
302	502	405	652	6439	6436	-1
297	347	391	159	5454	-1	-1
298	347	390	157	5451	5454	-1
299	347	393	157	5448	5451	-1
300	347	395	157	5419	5448	-1
301	347	385	153	5435	5419	-1
302	344	382	152	5438	5435	-1
303	344	380	150	5441	5438	-1
304	344	379	148	5444	5441	-1
301	347	400	158	5422	5419	-1
302	347	403	159	5425	5422	-1
303	347	403	158	5428	5425	-1
304	347	401	155	5431	5428	-1
147	499	216	616	335	-1	-1
148	499	216	615	332	335	-1
149	502	217	613	294	332	-1
150	502	211	619	297	294	-1
151	505	214	616	300	297	-1
152	505	212	616	303	300	-1
153	505	210	612	306	303	-1
154	505	212	610	309	306	-1
155	505	210	606	312	309	-1
150	499	223	605	316	294	-1
151	499	231	598	319	316	-1
152	499	232	594	322	319	-1
153	499	232	591	325	322	-1
154	493	230	586	328	325	-1
296	262	445	923	4946	-1	-1
297	262	445	924	4943	4946	-1
298	262	448	925	4940	4943	-1
299	262	447	925	4910	4940	-1
300	262	449	920	4927	4910	-1
301	262	455	919	4930	4927	-1
302	262	456	916	4933	4930	-1
303	262	457	915	4936	4933	-1
300	262	440	929	4913	4910	-1
301	262	439	930	4917	4913	-1
302	262	438	932	4920	4917	-1
303	262	439	934	4923	4920	-1
300	563	262	835	6996	-1	-1
301	563	250	830	7012	6996	-1
302	563	250	831	7039	7012	-1
303	563	250	827	7042	7039	-1
304	563	249	827	7050	7042	-1
301	563	270	834	6999	6996	-1
302	563	273	833	7002	6999	-1
303	563	278	835	7005	7002	-1
304	563	279	836	7008	7005	-1
298	277	462	915	4949	-1	-1
299	277	460	916	4952	4949	-1
300	284	467	908	4968	4952	-1
301	284	469	906	4971	4968	-1
302	284	470	905	4974	4971	-1
303	284	471	905	4977	4974	-1
300	277	455	922	4955	4952	-1
301	277	454	925	4958	4955	-1
302	277	453	925	4961	4958	-1
303	277	453	925	4964	4961	-1
146	512	338	1132	2393	-1	-1
147	512	338	1129	2390	2393	-1
148	512	340	1128	2387	2390	-1
149	514	340	1125	2384	2387	-1
150	514	341	1120	2332	2384	-1
151	514	339	1119	2335	2332	-1
152	514	343	1119	2338	2335	-1
153	512	340	1125	2341	2338	-1
154	512	342	1124	2344	2341	-1
155	514	343	1124	2347	2344	-1
156	514	343	1122	2350	2347	-1
157	519	343	1120	2353	2350	-1
158	519	344	1118	2356	2353	-1
153	514	347	1108	2362	2338	-1
154	522	347	1103	2365	2362	-1
155	525	348	1100	2368	2365	-1
156	525	351	1097	2371	2368	-1
157	525	353	1093	2374	2371	-1
158	525	353	1093	2377	2374	-1
299	170	532	412	4052	-1	-1
300	170	533	409	4049	4052	-1
301	170	534	411	4046	4049	-1
302	170	534	407	4016	4046	-1
303	170	534	414	4019	4016	-1
304	173	535	415	4022	4019	-1
305	173	538	414	4025	4022	-1
306	177	535	417	4028	4025	-1
303	166	531	398	4032	4016	-1
304	166	532	399	4035	4032	-1
305	162	530	397	4038	4035	-1
306	162	531	396	4041	4038	-1
296	166	515	573	3882	-1	-1
297	162	519	574	3879	3882	-1
298	162	519	569	3840	3879	-1
299	162	518	569	3843	3840	-1
300	163	515	575	3846	3843	-1
301	163	511	570	3849	3846	-1
302	159	511	571	3852	3849	-1
303	159	512	570	3857	3852	-1
300	170	523	563	3862	3843	-1
301	174	524	563	3865	3862	-1
302	174	527	564	3868	3865	-1
303	181	526	564	3871	3868	-1
149	181	162	820	1390	-1	-1
150	181	164	821	1387	1390	-1
151	181	163	821	1384	1387	-1
152	181	161	821	1352	1384	-1
153	181	165	825	1355	1352	-1
154	175	171	823	1371	1355	-1
155	175	173	824	1374	1371	-1
156	173	173	831	1377	1374	-1
157	173	173	832	1380	1377	-1
154	188	153	832	1358	1355	-1
155	188	151	836	1361	1358	-1
156	188	150	837	1364	1361	-1
157	194	149	839	1367	1364	-1
144	147	417	793	880	-1	-1
145	150	417	793	877	880	-1
146	148	415	795	874	877	-1
147	148	413	798	871	874	-1
148	150	415	799	868	871	-1
149	150	414	800	814	868	-1
150	150	413	799	817	814	-1
151	147	404	800	820	817	-1
152	145	401	802	823	820	-1
153	143	399	806	826	823	-1
154	143	397	810	829	826	-1
155	147	397	811	832	829	-1
156	145	398	814	835	832	-1
157	147	398	814	838	835	-1
151	158	422	802	844	817	-1
152	160	424	801	847	844	-1
153	162	425	802	850	847	-1
154	158	424	803	853	850	-1
155	162	424	806	856	853	-1
156	160	423	808	859	856	-1
157	162	423	807	862	859	-1
294	455	143	647	6015	-1	-1
295	455	143	646	6012	6015	-1
296	455	143	644	6009	6012	-1
297	455	143	643	5980	6009	-1
298	455	147	637	5996	5980	-1
299	455	149	635	5999	5996	-1
300	455	150	635	6002	5999	-1
301	455	151	635	6005	6002	-1
298	455	140	647	5983	5980	-1
299	455	134	648	5986	5983	-1
300	455	133	649	5989	5986	-1
301	451	133	647	5992	5989	-1
296	170	287	98	3970	-1	-1
297	170	286	99	3967	3970	-1
298	170	284	100	3888	3967	-1
299	170	283	100	3885	3888	-1
300	178	278	98	3893	3885	-1
301	178	277	99	3914	3893	-1
302	185	273	98	3917	3914	-1
303	181	274	98	3959	3917	-1
300	159	289	101	3897	3885	-1
301	159	292	98	3900	3897	-1
302	159	292	98	3903	3900	-1
303	159	292	101	3909	3903	-1
297	362	304	184	5507	-1	-1
298	362	303	186	5504	5507	-1
299	362	303	184	5501	5504	-1
300	362	303	186	5457	5501	-1
301	362	307	191	5460	5457	-1
302	362	306	191	5463	5460	-1
303	369	307	195	5466	5463	-1
304	369	308	198	5469	5466	-1
301	359	298	179	5473	5457	-1
302	359	297	179	5491	5473	-1
303	359	298	176	5494	5491	-1
304	359	298	176	5497	5494	-1
297	120	168	576	3462	-1	-1
298	120	171	578	3459	3462	-1
299	118	171	580	3456	3459	-1
300	118	171	582	3413	3456	-1
301	118	166	579	3416	3413	-1
302	125	164	579	3419	3416	-1
303	125	161	577	3422	3419	-1
304	125	160	575	3439	3422	-1
301	118	173	586	3443	3413	-1
302	118	175	588	3446	3443	-1
303	118	178	592	3449	3446	-1
304	116	177	592	3452	3449	-1
143	427	474	888	1928	-1	-1
144	427	473	885	1923	1928	-1
145	427	474	879	1920	1923	-1
146	431	474	878	1887	1920	-1
147	429	473	875	1884	1887	-1
148	434	474	873	1881	1884	-1
149	434	473	869	1848	1881	-1
150	431	475	876	1851	1848	-1
151	433	475	877	1854	1851	-1
152	433	476	877	1857	1854	-1
153	436	475	876	1860	1857	-1
150	439	474	857	1864	1848	-1
151	439	476	851	1867	1864	-1
152	445	476	848	1870	1867	-1
153	446	476	844	1873	1870	-1
154	446	477	843	1876	1873	-1
146	522	133	919	2447	-1	-1
147	520	137	922	2444	2447	-1
148	525	139	919	2441	2444	-1
149	522	144	921	2438	2441	-1
150	525	144	918	2435	2438	-1
151	520	143	915	2396	2435	-1
152	520	146	915	2399	2396	-1
153	522	143	917	2402	2399	-1
154	520	138	916	2405	2402	-1
155	520	140	915	2408	2405	-1
156	517	137	916	2411	2408	-1
157	517	136	913	2414	2411	-1
153	528	154	910	2418	2399	-1
154	528	158	906	2421	2418	-1
155	533	160	903	2424	2421	-1
156	533	161	899	2427	2424	-1
157	533	161	896	2430	2427	-1
297	560	262	835	7058	-1	-1
298	560	261	837	7055	7058	-1
299	560	261	834	6993	7055	-1
298	284	435	975	5015	-1	-1
299	284	435	973	5012	5015	-1
300	284	435	972	5009	5012	-1
301	284	436	973	4980	5009	-1
302	287	441	966	4996	4980	-1
303	290	444	964	4999	4996	-1
304	290	444	963	5002	4999	-1
305	290	446	962	5005	5002	-1
302	284	430	981	4983	4980	-1
303	284	428	983	4986	4983	-1
304	284	428	984	4989	4986	-1
305	284	428	985	4992	4989	-1
145	213	450	860	1433	-1	-1
146	221	446	859	1430	1433	-1
147	221	447	861	1427	1430	-1
148	221	446	866	1393	1427	-1
149	221	445	868	1396	1393	-1
150	227	447	879	1399	1396	-1
151	227	448	886	1402	1399	-1
152	229	447	889	1405	1402	-1
153	229	448	890	1408	1405	-1
150	221	440	858	1413	1396	-1
151	213	440	862	1416	1413	-1
152	213	440	863	1419	1416	-1
153	213	438	864	1422	1419	-1
146	150	456	721	932	-1	-1
147	147	456	723	929	932	-1
148	147	455	722	926	929	-1
149	147	454	723	923	926	-1
150	150	454	727	890	923	-1
151	156	458	733	893	890	-1
152	158	461	737	896	893	-1
153	161	462	740	899	896	-1
154	161	463	742	902	899	-1
151	144	449	724	907	890	-1
152	142	446	723	910	907	-1
153	142	445	724	913	910	-1
154	139	443	726	916	913	-1
155	139	441	728	919	916	-1
297	462	143	1071	6053	-1	-1
298	462	143	1071	6050	6053	-1
299	462	143	1071	6047	6050	-1
300	462	143	1072	6018	6047	-1
301	469	144	1064	6034	6018	-1
302	469	147	1064	6037	6034	-1
303	469	150	1064	6040	6037	-1
304	469	151	1060	6043	6040	-1
301	462	133	1076	6021	6018	-1
302	462	131	1079	6024	6021	-1
303	462	124	1078	6027	6024	-1
304	477	126	1077	6030	6027	-1
297	190	142	439	4519	-1	-1
298	190	142	439	4516	4519	-1
299	190	143	439	4482	4516	-1
300	190	140	440	4485	4482	-1
301	190	139	433	4488	4485	-1
302	190	138	435	4491	4488	-1
303	190	138	435	4494	4491	-1
304	190	138	435	4497	4494	-1
301	194	143	446	4502	4485	-1
302	194	145	448	4505	4502	-1
303	194	145	449	4508	4505	-1
304	194	144	448	4511	4508	-1
298	170	130	578	4013	-1	-1
299	170	132	582	4010	4013	-1
300	170	130	582	4007	4010	-1
301	170	128	582	3973	4007	-1
302	170	131	573	3994	3973	-1
303	170	134	574	3997	3994	-1
304	170	134	571	4000	3997	-1
305	170	134	570	4003	4000	-1
302	170	128	586	3976	3973	-1
303	174	125	590	3979	3976	-1
304	178	123	591	3982	3979	-1
305	178	121	593	3985	3982	-1
298	502	437	886	6574	-1	-1
299	502	437	886	6571	6574	-1
300	502	436	887	6568	6571	-1
301	502	436	887	6478	6568	-1
302	502	437	890	6481	6478	-1
303	502	438	893	6484	6481	-1
304	502	435	894	6487	6484	-1
305	502	432	896	6490	6487	-1
302	502	438	878	6494	6478	-1
303	502	442	874	6497	6494	-1
304	502	442	873	6500	6497	-1
305	495	444	872	6503	6500	-1
298	69	405	281	3001	-1	-1
299	69	406	281	2967	3001	-1
300	66	405	280	2964	2967	-1
301	66	404	281	2931	2964	-1
302	66	397	280	2949	2931	-1
303	69	396	276	2952	2949	-1
304	71	396	273	2955	2952	-1
305	71	397	270	2958	2955	-1
302	66	411	284	2934	2931	-1
303	69	415	285	2937	2934	-1
304	75	418	286	2940	2937	-1
305	75	422	290	2945	2940	-1
149	213	169	899	1470	-1	-1
150	213	169	900	1467	1470	-1
151	213	170	903	1462	1467	-1
152	213	167	904	1436	1462	-1
153	213	160	902	1449	1436	-1
154	221	153	902	1452	1449	-1
155	227	153	902	1455	1452	-1
153	213	171	910	1439	1436	-1
154	213	175	915	1442	1439	-1
155	211	175	920	1445	1442	-1
146	437	227	401	1984	-1	-1
147	441	228	406	1981	1984	-1
148	437	228	402	1978	1981	-1
149	441	226	406	1975	1978	-1
150	430	228	405	1972	1975	-1
151	430	228	400	1932	1972	-1
152	430	228	400	1935	1932	-1
153	430	232	395	1954	1935	-1
154	434	233	393	1957	1954	-1
155	434	233	390	1960	1957	-1
156	437	236	393	1963	1960	-1
157	437	234	391	1966	1963	-1
153	427	219	406	1938	1935	-1
154	427	217	407	1941	1938	-1
155	430	216	408	1944	1941	-1
156	434	213	412	1947	1944	-1
157	430	213	410	1950	1947	-1
152	219	420	914	1473	-1	-1
153	221	418	917	1476	1473	-1
154	221	409	927	1494	1476	-1
155	224	408	928	1497	1494	-1
156	226	405	932	1500	1497	-1
157	224	405	932	1503	1500	-1
154	221	425	908	1479	1476	-1
155	221	426	909	1482	1479	-1
156	221	426	906	1487	1482	-1
157	221	426	906	1490	1487	-1
297	372	330	1153	5576	-1	-1
298	372	330	1153	5548	5576	-1
299	375	329	1154	5545	5548	-1
300	375	327	1156	5510	5545	-1
301	375	322	1159	5513	5510	-1
302	375	316	1161	5516	5513	-1
303	378	314	1163	5519	5516	-1
304	378	315	1166	5528	5519	-1
301	372	335	1150	5532	5510	-1
302	372	339	1150	5535	5532	-1
303	372	340	1149	5538	5535	-1
304	372	342	1148	5541	5538	-1
145	460	376	390	460	-1	-1
146	460	376	390	457	460	-1
147	465	379	388	454	457	-1
148	460	375	387	451	454	-1
149	460	373	386	340	451	-1
150	460	374	377	343	340	-1
151	459	374	374	352	343	-1
152	459	376	375	419	352	-1
153	459	377	374	422	419	-1
154	459	376	372	425	422	-1
155	459	377	370	428	425	-1
150	460	374	394	432	340	-1
151	465	374	398	435	432	-1
152	465	375	400	438	435	-1
153	465	376	402	441	438	-1
154	465	378	404	444	441	-1
155	460	378	400	447	444	-1
295	473	461	709	6093	-1	-1
296	473	461	709	6090	6093	-1
297	473	458	708	6057	6090	-1
298	477	456	708	6060	6057	-1
299	477	456	717	6076	6060	-1
300	477	453	719	6079	6076	-1
301	477	456	721	6082	6079	-1
302	477	453	719	6085	6082	-1
299	477	460	700	6063	6060	-1
300	477	461	696	6066	6063	-1
301	477	460	696	6069	6066	-1
302	477	463	695	6072	6069	-1
296	210	299	999	4559	-1	-1
297	210	300	999	4556	4559	-1
298	210	301	1000	4523	4556	-1
299	210	300	1000	4526	4523	-1
300	215	307	997	4542	4526	-1
301	215	310	999	4545	4542	-1
302	215	315	1000	4548	4545	-1
303	221	313	1000	4551	4548	-1
300	210	292	1003	4529	4526	-1
301	210	289	1006	4532	4529	-1
302	210	286	1008	4535	4532	-1
303	210	285	1009	4538	4535	-1
295	509	410	651	6612	-1	-1
296	509	409	652	6609	6612	-1
297	509	408	652	6606	6609	-1
298	509	407	653	6577	6606	-1
299	509	415	660	6580	6577	-1
300	509	417	664	6583	6580	-1
301	509	417	666	6586	6583	-1
302	509	420	664	6589	6586	-1
299	509	402	650	6593	6577	-1
300	509	398	648	6596	6593	-1
301	509	399	649	6599	6596	-1
302	513	399	647	6602	6599	-1
146	460	356	368	505	-1	-1
147	460	355	364	502	505	-1
148	460	351	362	499	502	-1
149	456	353	365	496	499	-1
150	460	352	365	493	496	-1
151	460	350	366	463	493	-1
152	460	350	367	466	463	-1
153	460	353	375	480	466	-1
154	460	352	378	483	480	-1
155	460	353	375	486	483	-1
156	460	354	373	489	486	-1
157	460	354	371	509	489	-1
158	460	362	373	512	509	-1
159	460	366	372	515	512	-1
153	456	350	356	469	466	-1
154	456	350	352	472	469	-1
155	452	352	347	475	472	-1
156	452	354	346	521	475	-1
157	452	355	344	524	521	-1
158	452	356	342	527	524	-1
159	456	358	343	530	527	-1
148	90	451	560	992	-1	-1
149	90	452	557	989	992	-1
150	90	451	559	986	989	-1
151	97	451	562	983	986	-1
152	97	453	566	980	983	-1
153	90	450	568	937	980	-1
154	90	448	577	940	937	-1
155	90	446	582	943	940	-1
156	90	442	588	946	943	-1
157	90	442	589	951	946	-1
158	90	443	593	954	951	-1
159	90	442	595	957	954	-1
154	90	451	562	961	937	-1
155	90	451	560	964	961	-1
156	90	452	559	967	964	-1
157	95	454	561	970	967	-1
158	95	457	563	973	970	-1
159	94	456	565	976	973	-1
295	281	544	536	5091	-1	-1
296	281	546	538	5088	5091	-1
297	284	546	539	5018	5088	-1
298	284	545	540	5021	5018	-1
299	284	547	547	5024	5021	-1
300	284	546	546	5027	5024	-1
301	284	546	548	5030	5027	-1
302	284	546	548	5033	5030	-1
299	284	540	527	5037	5021	-1
300	284	541	527	5040	5037	-1
301	281	539	526	5043	5040	-1
302	281	539	526	5083	5043	-1
295	79	426	268	3140	-1	-1
296	82	425	269	3137	3140	-1
297	79	427	268	3134	3137	-1
298	79	425	265	3062	3134	-1
299	79	428	258	3065	3062	-1
300	85	429	256	3068	3065	-1
301	85	430	254	3071	3068	-1
302	85	431	253	3099	3071	-1
299	77	418	270	3103	3062	-1
300	77	418	271	3106	3103	-1
301	69	418	272	3109	3106	-1
302	72	417	273	3112	3109	-1
299	567	233	898	7144	-1	-1
300	567	233	898	7115	7144	-1
301	567	234	896	7061	7115	-1
302	567	231	896	7064	7061	-1
303	567	224	894	7091	7064	-1
304	567	223	893	7094	7091	-1
305	567	220	893	7097	7094	-1
303	570	245	896	7101	7064	-1
304	570	246	897	7104	7101	-1
305	570	248	894	7107	7104	-1
306	570	251	891	7110	7107	-1
148	525	141	1001	2537	-1	-1
149	528	142	999	2534	2537	-1
150	530	141	998	2531	2534	-1
151	528	145	994	2528	2531	-1
152	528	145	994	2450	2528	-1
153	528	147	999	2487	2450	-1
154	536	146	1000	2490	2487	-1
155	536	145	999	2493	2490	-1
156	536	146	997	2496	2493	-1
157	536	147	996	2499	2496	-1
158	541	148	991	2502	2499	-1
153	528	149	983	2507	2450	-1
154	533	150	976	2510	2507	-1
155	533	152	971	2513	2510	-1
156	536	151	965	2516	2513	-1
157	533	154	964	2519	2516	-1
158	539	151	961	2522	2519	-1
299	118	170	603	3410	-1	-1
300	120	171	602	3407	3410	-1
301	120	171	604	3373	3407	-1
302	120	171	604	3376	3373	-1
303	120	172	614	3379	3376	-1
304	118	171	616	3382	3379	-1
305	118	172	619	3385	3382	-1
306	118	171	621	3388	3385	-1
303	120	169	598	3393	3376	-1
304	120	167	593	3396	3393	-1
305	120	167	593	3399	3396	-1
306	122	164	592	3402	3399	-1
296	378	119	565	5615	-1	-1
297	378	121	565	5612	5615	-1
298	378	123	564	5579	5612	-1
299	378	122	566	5582	5579	-1
300	378	121	574	5585	5582	-1
301	378	119	574	5588	5585	-1
302	378	119	575	5591	5588	-1
303	378	118	578	5594	5591	-1
300	378	120	556	5598	5582	-1
301	378	118	554	5601	5598	-1
302	378	116	554	5604	5601	-1
303	378	117	551	5607	5604	-1
295	69	320	621	3058	-1	-1
296	71	320	623	3036	3058	-1
297	71	320	625	3033	3036	-1
298	69	320	627	3004	3033	-1
299	69	327	625	3020	3004	-1
300	74	331	627	3023	3020	-1
301	74	333	627	3026	3023	-1
302	74	332	624	3029	3026	-1
299	69	312	632	3007	3004	-1
300	71	308	633	3010	3007	-1
301	74	305	634	3013	3010	-1
302	74	303	637	3016	3013	-1
149	441	112	720	2041	-1	-1
150	437	113	719	2038	2041	-1
151	434	115	721	2035	2038	-1
152	441	114	717	1987	2035	-1
153	441	117	719	1990	1987	-1
154	441	122	709	2013	1990	-1
155	444	126	706	2016	2013	-1
156	448	127	703	2019	2016	-1
157	451	127	698	2022	2019	-1
158	451	131	695	2025	2022	-1
159	451	127	692	2028	2025	-1
154	434	113	720	1993	1990	-1
155	434	111	720	1996	1993	-1
156	430	112	717	1999	1996	-1
157	434	111	717	2002	1999	-1
158	430	112	720	2005	2002	-1
159	434	113	719	2008	2005	-1
298	509	422	703	6650	-1	-1
299	509	420	702	6647	6650	-1
300	509	422	703	6644	6647	-1
301	509	424	704	6615	6644	-1
302	509	419	695	6631	6615	-1
303	509	420	696	6634	6631	-1
304	509	420	694	6637	6634	-1
305	509	419	691	6640	6637	-1
302	509	426	710	6618	6615	-1
303	509	427	714	6621	6618	-1
304	509	427	714	6624	6621	-1
305	505	429	716	6627	6624	-1
297	215	383	70	4607	-1	-1
298	215	382	69	4604	4607	-1
299	210	384	69	4601	4604	-1
300	210	385	66	4570	4601	-1
301	205	383	66	4573	4570	-1
302	205	379	66	4591	4573	-1
303	200	375	67	4594	4591	-1
304	195	373	68	4597	4594	-1
301	215	393	68	4577	4570	-1
302	215	395	66	4580	4577	-1
303	215	397	64	4583	4580	-1
304	215	395	64	4586	4583	-1
298	198	481	773	4437	-1	-1
299	201	481	776	4434	4437	-1
300	201	482	775	4431	4434	-1
301	201	481	776	4402	4431	-1
302	205	478	782	4418	4402	-1
303	205	481	786	4421	4418	-1
304	209	481	787	4424	4421	-1
305	209	481	789	4427	4424	-1
302	198	483	767	4405	4402	-1
303	198	484	765	4408	4405	-1
304	198	487	765	4411	4408	-1
305	201	486	764	4414	4411	-1
