232141 232143
252954 251773
79976 79978
15055 15056
79954 79957
90080 90081
256284 256286
252244 252251
11214 11216
249771 249772
1152 1154
12831 12832
1426 10581
4739 4740
250191 250192
247295 247296
12498 11622
20168 20169
24046 89977
4409 4410
10041 10043
254485 254487
239767 239769
16458 16460
254091 254088
238699 238701
13457 13458
253036 253034
15266 15269
10011 10013
249952 249953
10008 10009
4357 4358
12445 12446
251963 247044
3093 3094
12719 12726
13037 13038
245294 245295
92659 92743
9969 9970
246869 246870
252067 252069
13207 13209
4261 4262
245714 245715
245249 245261
245241 245244
1558 1559
11506 11508
251165 251167
251502 251503
239653 239654
246816 246817
14773 14774
254363 254364
245682 245685
242487 242488
250884 250885
239612 239613
2986 2987
242478 242479
15125 15127
13084 13085
923 925
245881 245882
16283 16284
3232 3233
12896 12897
242697 249476
242723 242725
9016 1181
4938 4939
251791 251792
247661 247662
14997 15001
5229 5231
1703 1438
10061 10064
9930 10123
245384 242221
9839 9840
